l_finger1_home_val: 1.2908448330057671
l_finger2_home_val: -1.22574652331987
l_finger3_home_val: -0.8218302071097322
r_finger1_home_val: 2.8745841226984488
r_finger2_home_val: -1.4529674275254307
r_finger3_home_val: -0.23527430334196023
