m0_j0_home_val: 1.2908448330057671
m0_j1_home_val: -1.22574652331987
m0_j2_home_val: -0.8218302071097322
m1_j0_home_val: 2.8745841226984488
m1_j1_home_val: -1.4529674275254307
m1_j2_home_val: -0.23527430334196023
