m0_j0_home_val: -2.596933600091148
m0_j1_home_val: 2.3233097770520463
m0_j2_home_val: 1.4532550489231593
m0_j3_home_val: -3.0926011421766955
m0_j4_home_val: 2.1488194624300547
m0_j5_home_val: -3.0853147334342386
m0_j6_home_val: -2.5536945166326213
m0_j7_home_val: 1.2360050198388555
m0_j8_home_val: 1.6302380823254652
m0_j9_home_val: 2.0876519785131147
